strategic_region={
	id=10
	name="STRATEGICREGION_10"
	provinces={
		38 86 130 138 145 228 268 270 300 304 313 335 336 377 409 426 435 490 493 517 525 585 615 623 755 763 804 828 879 901 917 956 992 1042 1054 1080 1088 1100 1145 1150 1178 1309 1336 1344 1349 1374 1387 1412 1426 1465 1471 1554 1587 1602 1626 1652 1728 1750 1763 1780 1789 1799 1806 2435 2436 2439 2443 2445 2449 2454 2456 2457 2458 2460 2464 2465 2468 2474 
	}
	weather={
		period={
			between={ 0.0 30.0 }
			temperature={ 12.0 30.0 }
			temperature_day_night={ -2.0 2.0 }
			no_phenomenon=0.500
			rain_light=0.250
			rain_heavy=0.100
			snow=0.000
			blizzard=0.000
			mud=1.0
			sandstorm=0.000
			min_snow_level=0.000
		}
	}
}
