strategic_region={
	id=5
	name="STRATEGICREGION_5"
	provinces={
		22 50 65 96 196 234 253 298 322 368 393 395 406 429 555 563 588 613 627 710 731 746 801 822 837 853 929 981 995 1037 1089 1102 1182 1187 1214 1217 1218 1226 1234 1241 1251 1274 1289 1341 1350 1371 1382 1388 1390 1392 1418 1503 1516 1536 1546 1549 1552 1573 1578 1627 1661 1683 1804 1822 1854 1858 1864 1866 2241 2242 2246 2247 2259 2262 2263 2272 2274 2278 2281 2290 2298 2312 2320 2323 2329 2333 2342 2343 2349 2352 2354 2363 2371 2382 2384 2388 
	}
	weather={
		period={
			between={ 0.0 30.0 }
			temperature={ 12.0 30.0 }
			temperature_day_night={ -2.0 2.0 }
			no_phenomenon=0.500
			rain_light=0.250
			rain_heavy=0.100
			snow=0.000
			blizzard=0.000
			mud=1.0
			sandstorm=0.000
			min_snow_level=0.000
		}
	}
}
